55 186
186 185
185 181
181 182
182 205
205 99
184 16
16 183
17 183
17 99
99 242
242 243
243 124
124 104
196 83
83 98
98 104
104 460
460 465
465 192
192 459
459 226
226 214
214 385
385 386
386 117
117 38
38 298
298 8
8 127
127 447
447 448
448 454
454 367
454 367
367 368
368 453
453 360
360 361
361 410
409 410
410 395
395 206
206 444
444 436
436 437
437 362
362 347
347 353
353 56
56 163
163 165
165 57
57 161
161 7
7 398
398 399
399 440
440 295
295 411
411 412
412 58
58 180
180 396
396 397
397 431
431 270
317 318
318 309
309 310
310 387
387 391
391 388
388 389
389 393
393 381
381 382
382 36
36 112
112 15
15 435
435 400
110 69
69 308
308 342
342 339
339 338
338 337
337 326
326 325
325 334
334 333
333 469
469 335
335 313
313 314
314 321
321 322
322 319
319 320
320 323
323 62
62 311
311 392
392 390
390 389
389 393
393 381
381 382
382 36
36 122
122 15
387 77
77 312
312 324
324 316
316 315
315 341
341 332
332 331
331 336
336 469
469 198
198 100
100 327
15 121
121 120
120 61
61 114
114 112
112 111
111 461
461 113
113 344
344 343
343 340
340 330
330 345
345 328
328 327
376 394
394 375
375 374
374 108
108 107
107 109
109 110
376 368
368 452
452 369
369 370
370 371
371 433
433 84
84 441
441 365
365 366
366 60
60 349
15 377
15 432
153 154
154 138
138 137
137 148
148 71
71 364
364 363
363 106
106 70
70 119
119 118
118 367
367 376
61 281
281 82
82 288
133 132
132 130
130 131
131 45
45 134
134 455
455 42
443 442
442 384
384 383
383 146
146 151
151 72
72 150
150 149
149 152
152 306
306 305
305 235
235 212
212 211
211 74
74 282
282 283
283 194
194 73
73 216
216 223
223 220
220 219
81 147
213 46
46 5
5 217
217 218
218 221
221 222
222 135
135 136
136 445
445 42
42 129
129 115
115 4
4 116
116 128
128 405
405 123
405 406
406 446
377 378
378 421
421 422
422 429
429 416
416 417
417 400
400 401
401 379
379 380
380 144
144 145
145 80
80 3
3 94
94 88
88 162
162 193
193 86
86 158
158 159
159 166
166 167
167 287
287 172
172 156
156 157
157 177
177 178
178 179
179 286
286 269
269 268
268 266
266 267
267 6
6 271
279 188
188 187
187 246
246 244
244 64
64 164
164 245
245 67
67 191
191 232
232 68
68 37
37 438
438 9
9 238
238 237
237 299
299 10
238 10
10 346
346 352
10 307
307 357
307 66
66 143
143 142
142 347
347 349
349 348
349 350
348 56
56 163
163 165
165 57
57 161
161 7
7 398
398 399
399 440
440 295
295 296
296 297
297 22
22 176
176 21
21 171
171 20
20 263
263 59
59 265
265 275
158 160
160 170
170 168
168 169
169 173
173 261
169 289
456 274
274 260
260 259
259 408
408 407
407 175
175 174
174 262
262 264
264 291
291 48
48 47
47 141
468 27
27 292
292 255
255 258
258 50
50 250
250 89
89 52
52 249
249 51
51 53
53 463
463 28
28 30
30 202
202 91
91 26
26 201
247 65
65 63
63 244
247 65
65 210
210 209
209 14
14 208
208 207
207 229
229 228
228 227
227 13
13 215
215 12
12 225
225 224
224 35
35 75
75 301
301 300
300 373
424 423
423 449
449 234
234 233
233 303
303 302
302 373
418 425
425 426
426 404
446 430
430 402
402 403
432 433
433 11
428 413
413 414
414 415
415 434
434 11
11 139
139 140
140 76
76 372
372 373
103 155
155 78
78 79
79 304
304 251
251 252
470 197
197 466
466 81
81 204
204 101
101 95
95 93
93 103
103 293
293 294
294 239
239 236
236 54
54 230
230 231
231 240
240 241
241 24
24 189
189 190
190 23
23 25
355 356
356 357
350 351
351 352
355 351
351 641
641 642
642 643
44 39
39 257
257 276
276 40
40 273
273 248
248 87
87 41
41 280
123 419
419 420
420 427
427 29
29 2
2 467
467 457
457 1
1 105
105 92
92 200
200 32
32 31
31 85
85 49
49 351
351 102
102 34
34 451
451 33
33 458
458 450
450 462
462 468
468 141
141 289
289 290
290 253
253 254
254 19
19 43
43 18
18 256
256 272
272 285
285 125
285 44
125 126
126 284
284 277
277 278
354 355
103 357
216 217
283 224
224 386
386 283
212 233
323 324
42 281
288 447
374 382
122 116
116 121
121 122
148 72
368 377
123 406
11 370
433 457
2 435
2 417
417 435
29 414
427 413
413 360
413 402
402 360
418 421
427 409
409 403
403 361
58 177
48 297
351 49
49 357
85 143
204 31
197 359
359 80
80 147
147 197
439 442
206 84
379 384
384 105
105 379
438 231
153 66
47 289
145 366